[0.25, 0.25, 0.25, 0.25]
[0.14375, 0.21458333333333332, 0.42708333333333326, 0.21458333333333332]
[0.12869791666666666, 0.16942708333333334, 0.5324479166666666, 0.16942708333333334]
[0.10950651041666667, 0.14597092013888888, 0.5985516493055555, 0.14597092013888888]
[0.09953764105902776, 0.13056448567708331, 0.6393333875868055, 0.13056448567708331]
[0.0929899064127604, 0.12119223804615162, 0.6646256174949362, 0.12119223804615162]
[0.08900670116961443, 0.11535384131989654, 0.6802856161905922, 0.11535384131989654]
[0.08652538256095603, 0.11174394789234679, 0.6899867216543502, 0.11174394789234679]
[0.08499117785424738, 0.10950670291318493, 0.6959954163193824, 0.10950670291318493]
[0.08404034873810359, 0.10812118246347369, 0.6997172863349487, 0.10812118246347369]
[0.08345150254697631, 0.10726293468943898, 0.7020226280741454, 0.10726293468943898]
[0.08308674724301157, 0.10673133963132153, 0.703450573494345, 0.10673133963132153]
[0.08286081934331165, 0.10640206439549826, 0.7043350518656916, 0.10640206439549826]
[0.08272087736808675, 0.10619810951535838, 0.7048829036011962, 0.10619810951535838]
[0.08263419654402732, 0.10607177846498522, 0.705222246526002, 0.10607177846498522]
[0.08258050584761872, 0.10599352820175978, 0.7054324377488614, 0.10599352820175978]
[0.0825472494857479, 0.10594505947590654, 0.7055626315624387, 0.10594505947590654]
[0.08252665027726028, 0.10591503763155552, 0.7056432744596284, 0.10591503763155552]
[0.0825138909934111, 0.10589644190530151, 0.7056932251959855, 0.10589644190530151]
[0.08250598780975313, 0.10588492359121962, 0.7057241650078072, 0.10588492359121962]
[0.08250109252626833, 0.10587778907236506, 0.7057433293290012, 0.10587778907236506]
[0.08249806035575515, 0.10587336990486451, 0.7057551998345155, 0.10587336990486451]
[0.08249618220956742, 0.10587063264369803, 0.7057625525030361, 0.10587063264369803]
